18, types and no, left limit, x coordinates, y coordinates, right limit (for auto spawn), direction (1 = right)
1,3,0,440,308,700,1
1,3,0,705,308,960,1
1,3,1010,1419,279,1720,0
1,3,1350,1505,279,1720,1
1,1,1490,2020,260
1,1,2060,2400,605
1,4,2490,2998,600,0
1,4,2490,3125,600,0
2,1,3000,3247,265,3770,1
1,4,3000,3452,484,0
1,4,3000,3660,484,0
1,4,3000,3660,300,1
1,4,3000,3265,500,0
1,4,3500,3766,570,0
1,4,3500,3874,385,0
1,4,3500,3874,550,0
1,1,3700,4132,317
1,3,4000,4460,35,4660,1
2,1,4000,4570,35,4870,1
1,3,4000,4705,35,5005,1
1,3,4500,5060,35,5360,0
2,1,4800,5225,35,5500,1
1,4,5600,6023,413,0
1,5,5600,6075,367,0
1,5,5600,5900,319,0
1,4,5400,5860,360,0
1,5,6000,6320,273,0
1,4,6000,6351,291,0
1,5,6300,6645,352,0
1,5,6300,6770,352,0
1,4,6300,6777,382,0
1,5,6300,6642,273,0
1,4,6300,6809,280,0
1,5,6500,6870,273,0
1,5,6500,6870,352,0
1,4,6500,6918,390,0
1,4,6500,6963,280,0
1,5,6800,7026,273,0
1,5,6800,7026,352,0
1,5,6800,7146,321,0
3,2,7785,7985,330
