18, types and no, left limit, x coordinates, y coordinates, right limit (for auto spawn), direction (1 = right)
1,1,0,479,1107
2,1,300,850,940
1,6,0,510,878,1
1,1,500,720,768
1,6,500,787,750,0
1,6,500,510,606,1
1,1,600,725,345,0
1,7,300,937,333,0
1,7,300,1126,333,0
1,7,300,1314,333,0
1,2,500,1173,320
1,2,500,1350,320
1,7,1000,1730,360,0
1,7,1500,1840,420,0
1,1,1800,2215,590
1,7,2260,2573,580,0
1,7,2260,2800,580,0
1,2,2260,2693,541
1,2,2260,2803,541
1,7,2700,3000,560,0
1,6,2800,3116,569,0
1,4,3000,3420,610,0
1,4,3000,3578,610,0
1,2,3000,3500,584,0
1,2,3000,3650,584,0
1,4,3200,3690,594,0
1,2,3200,3767,570,0
1,1,4000,4204,290
1,2,4400,4590,280
1,2,4400,4710,280
1,7,4200,4562,280
1,8,4200,4760,260,0
1,2,4500,4954,255
1,2,4800,5000,250
1,8,4800,5020,250
1,8,5000,5181,150,0
1,8,5000,5242,150,0
1,8,5000,5335,150,0
1,8,5100,5380,100,0
1,8,5200,5468,70,0
3,3,5950,6135,129